0.186
0.673
1.138
1.602
2.067
2.531
2.972
3.437
3.901
4.319
4.783
5.271
5.735
6.177
6.618
7.082
7.546
8.057
8.522
8.986
9.451
9.915
10.356
10.820
11.285
11.703
12.167
12.655
13.142
13.584
14.048
14.489
14.954
15.418
15.813
16.208
16.602
17.043
17.461
17.926
18.367
18.831
19.319
19.830
20.294
20.759
21.200
21.641
22.082
22.523
22.988
23.522
23.986
24.427
24.845
25.310
25.774
26.239
26.703
27.191
27.655
28.119
28.584
29.048
29.489
29.931
30.395
30.906
31.370
31.811
32.229
32.694
33.158
33.622
34.087
34.551
35.016
35.503
35.968
36.409
36.850
37.314
37.779
38.290
38.754
39.195
39.613
40.078
40.542
41.006
41.471
41.935
42.423
42.910
43.352
43.770
44.188
44.582
44.977
45.441
45.859
46.347
46.811
47.276
47.740
48.205
48.669
49.133
49.598
50.039
50.503
50.968
51.432
51.897
52.361
52.825
53.243
53.731
54.195
54.660
55.194
55.728
56.239
56.750
57.214
57.678
58.096
58.584
59.048
59.513
59.954
60.395
60.860
61.301
61.765
62.229
62.694
63.158
63.623
64.087
64.551
64.993
65.457
65.921
66.386
66.850
67.315
67.779
68.243
68.685
69.149
69.613
70.078
70.542
71.007
71.471
71.935
72.377
72.841
73.305
73.770
74.234
74.699
75.163
75.627
76.069
76.533
76.997
77.462
77.926
78.391
78.855
79.296
79.761
80.225
80.689
81.154
81.618
82.083
82.547
83.011
83.453
83.917
84.381
84.846
85.310
85.775
86.216
86.680
87.144
87.609
88.073
88.538
89.002
89.466
89.977
90.442
90.906
91.301
91.765
92.230
92.694
93.158
93.669
94.134
94.598
95.039
95.480
95.922
96.363
96.850
97.361
97.826
98.290
98.685
99.149
99.614
100.078
100.542
101.053
101.518
101.982
102.446
102.888
103.329
103.793
104.258
104.745
105.210
105.674
106.069
106.533
106.998
107.462
107.926
108.437
108.902
109.366
109.807
110.225
110.690
111.154
111.618
112.129
112.594
113.058
113.453
113.917
114.381
114.846
115.310
115.821
116.286
116.750
117.214
